Month	YPH	YPH	Tmax	Tmin	RH830	RH1430	RF	Rday	S	Sday	W	S830	S1430	Sm	ETo	clud	Kc	erf	Tphoto	Tnicto
Jan-81	108	102	19.6	11.2	74	69	43	2	7.61	28	1.45	16.83	16.91	0.610	94.69	2.01	108.89	34.40	17.50	13.30
Feb-81	128	130	21.5	11.6	57	53	0	0	8.26	28	1.10	17.26	17.33	0.608	102.72	1.36	118.13	0.00	19.03	14.08
Mar-81	190	174	23.1	14.0	68	56	94	4	6.96	28	1.28	16.85	16.93	0.616	117.35	1.68	134.96	75.20	20.83	16.28
Apr-81	199	200	25.2	16.4	63	60	71	4	6.96	28	1.26	17.74	17.81	0.604	126.05	1.81	144.96	56.80	23.00	18.60
May-81	241	218	25.4	15.7	63	61	111	11	4.66	26	1.29	18.54	18.62	0.615	117.39	1.44	135.00	88.80	22.98	18.13
Jun-81	204	189	22.2	15.5	69	67	47	8	5.65	28	1.38	19.62	19.70	0.619	108.82	2.92	125.14	37.60	20.53	17.18
Jul-81	131	129	21.4	15.9	76	71	65	8	5.65	27	1.50	19.86	19.95	0.647	107.16	3.58	123.24	52.00	20.03	17.28
Aug-81	120	118	21.4	16.0	72	69	60	10	4.99	26	1.44	19.45	19.55	0.676	106.83	3.64	122.86	48.00	20.05	17.35
Sep-81	149	142	21.2	15.2	82	76	164	15	3.35	27	1.66	18.94	19.04	0.711	86.99	3.31	100.03	131.20	19.70	16.70
Oct-81	195	182	19.8	15.2	83	77	324	9	5.32	30	1.76	18.54	18.64	0.741	93.43	4.03	107.45	259.20	18.65	16.35
Nov-81	194	175	19.2	12.6	81	76	123	11	4.66	27	1.63	18.03	18.14	0.771	80.18	2.98	92.21	98.40	17.55	14.25
Dec-81	122	127	17.8	10.5	80	74	174	10	4.99	26	1.62	17.15	17.25	0.786	76.72	2.59	88.23	139.20	15.98	12.33
Jan-82	115	110	19.5	9.0	68	55	8	2	7.61	28	1.23	16.02	16.12	0.771	94.68	1.17	108.88	6.40	16.88	11.63
Feb-82	127	127	21.9	10.5	63	49	0	0	8.26	28	1.12	15.24	15.33	0.722	101.16	0.96	116.33	0.00	19.05	13.35
Mar-82	193	176	24.3	12.7	70	53	2	0	8.26	30	1.23	15.39	15.47	0.657	126.81	0.92	145.83	1.60	21.40	15.60
Apr-82	208	208	24.4	14.5	76	61	78	6	6.30	27	1.41	16.48	16.55	0.622	115.51	1.36	132.84	62.40	21.93	16.98
May-82	255	227	23.7	14.8	76	65	92	9	5.32	27	1.45	17.88	17.95	0.629	111.22	1.73	127.90	73.60	21.48	17.03
Jun-82	186	181	22.5	15.5	74	72	67	6	6.30	29	1.49	18.86	18.93	0.666	110.87	2.68	127.50	53.60	20.75	17.25
Jul-82	127	126	21.5	14.5	78	71	97	10	4.99	26	1.53	19.09	19.18	0.702	102.08	2.67	117.40	77.60	19.75	16.25
Aug-82	122	114	22.4	14.1	80	79	46	6	6.30	28	1.61	18.88	18.97	0.732	111.99	1.94	128.79	36.80	20.33	16.18
Sep-82	145	140	22.5	13.4	80	76	95	6	6.30	31	1.60	18.49	18.59	0.754	107.64	1.56	123.79	76.00	20.23	15.68
Oct-82	204	187	21.4	13.4	87	82	359	17	2.70	26	1.87	18.20	18.31	0.782	79.00	2.09	90.86	287.20	19.40	15.40
Nov-82	199	176	20.0	13.3	89	82	339	16	3.03	25	1.88	17.84	17.95	0.806	68.77	2.82	79.09	271.20	18.33	14.98
Dec-82	111	116	19.8	10.7	77	74	31	4	6.96	29	1.52	17.30	17.41	0.823	90.56	1.60	104.15	24.80	17.53	12.98
Jan-83	98	94	20.6	8.9	73	68	35	2	7.61	28	1.42	16.53	16.63	0.811	96.63	0.88	111.13	28.00	17.68	11.83
Feb-83	123	116	23.9	12.2	76	66	0	0	8.26	28	1.42	16.08	16.19	0.774	104.16	0.89	119.79	0.00	20.98	15.13
Mar-83	150	128	26.1	13.9	79	79	8	1	7.94	29	1.58	16.47	16.57	0.745	129.33	0.82	148.73	6.40	23.05	16.95
Apr-83	90	92	27.2	15.0	80	72	37	2	7.61	29	1.53	17.85	17.96	0.738	130.44	0.81	150.01	29.60	24.15	18.05
May-83	74	107	25.6	15.6	80	84	95	10	4.99	26	1.68	19.37	19.48	0.760	113.55	1.27	130.59	76.00	23.10	18.10
Jun-83	307	239	23.3	16.1	81	81	58	7	5.97	29	1.65	20.33	20.44	0.781	107.93	2.54	124.12	46.40	21.50	17.90
Jul-83	195	187	22.2	15.0	81	82	54	8	5.65	27	1.65	20.30	20.42	0.802	106.43	2.52	122.39	43.20	20.40	16.80
Aug-83	118	140	21.7	15.6	88	86	93	11	4.66	26	1.78	19.78	19.90	0.816	95.50	3.16	109.83	74.40	20.18	17.13
Sep-83	223	188	21.1	15.6	88	88	150	14	3.68	28	1.83	19.14	19.26	0.836	84.37	3.52	97.02	120.00	19.73	16.98
Oct-83	189	179	21.7	14.4	88	82	363	9	5.32	30	1.88	18.71	18.83	0.854	94.29	2.54	108.43	290.40	19.88	16.23
Nov-83	152	144	18.9	11.7	90	85	91	7	5.97	29	1.79	18.13	18.25	0.868	79.58	2.62	91.52	72.80	17.10	13.50
Dec-83	140	129	17.8	12.8	98	93	482	18	2.37	23	2.15	17.36	17.48	0.882	52.14	3.83	59.96	385.60	16.55	14.05
Jan-84	134	122	17.8	11.7	94	89	298	13	3.70	23	1.98	16.29	16.41	0.899	63.01	3.27	72.47	238.40	16.28	13.23
Feb-84	173	167	19.0	13.0	94	92	285	11	4.60	23	2.00	15.66	15.78	0.922	67.57	3.35	77.71	228.00	17.50	14.50
Mar-84	273	239	22.0	13.0	85	85	395	7	7.20	28	1.89	15.62	15.74	0.924	109.99	1.75	126.49	316.00	19.75	15.25
Apr-84	273	260	23.0	15.0	86	88	53	7	7.10	28	1.76	16.41	16.53	0.913	110.95	2.20	127.59	42.40	21.00	17.00
May-84	260	237	26.0	16.0	79	83	44	4	8.10	31	1.64	17.68	17.80	0.881	134.45	1.30	154.62	35.20	23.50	18.50
Jun-84	195	184	23.0	15.0	79	76	54	7	2.50	24	1.57	18.87	18.99	0.852	88.61	2.13	101.90	43.20	21.00	17.00
Jul-84	133	124	21.0	14.0	81	81	92	8	3.00	24	1.66	19.42	19.54	0.822	87.81	2.65	100.98	73.60	19.25	15.75
Aug-84	137	129	23.0	14.0	76	77	20	3	4.90	26	1.54	19.14	19.26	0.801	106.79	1.61	122.81	16.00	20.75	16.25
Sep-84	175	149	22.0	14.0	75	77	264	12	4.40	29	1.65	18.58	18.70	0.789	99.28	2.11	114.17	211.20	20.00	16.00
Oct-84	162	172	21.0	13.0	80	84	238	10	4.80	29	1.76	18.14	18.25	0.784	94.34	2.15	108.49	190.40	19.00	15.00
Nov-84	276	225	21.0	12.0	77	82	150	6	4.40	27	1.66	17.75	17.87	0.788	84.48	1.69	97.15	120.00	18.75	14.25
Dec-84	171	172	21.0	10.0	68	68	142	4	6.10	28	1.43	17.19	17.31	0.784	92.98	1.05	106.92	113.60	18.25	12.75
Jan-85	137	128	21.0	10.0	69	70	119	5	6.70	27	1.45	16.52	16.64	0.764	96.84	1.06	111.36	95.04	18.25	12.75
Feb-85	171	149	22.0	11.0	66	57	0	0	8.50	28	1.23	16.07	16.18	0.721	103.09	1.07	118.55	0.00	19.25	13.75
Mar-85	176	159	25.0	14.0	54	50	0	0	9.20	31	1.04	16.35	16.44	0.668	136.26	1.09	156.70	0.08	22.25	16.75
Apr-85	180	209	26.0	15.0	72	59	216	8	7.90	29	1.41	17.34	17.43	0.625	131.84	1.09	151.62	172.56	23.25	17.75
May-85	410	321	25.0	15.0	65	56	75	3	8.20	31	1.24	18.73	18.81	0.602	136.48	1.40	156.95	60.24	22.50	17.50
Jun-85	204	217	22.0	15.0	66	63	107	9	4.20	26	1.34	19.57	19.64	0.611	101.35	2.83	116.55	85.76	20.25	16.75
Jul-85	158	151	22.0	14.0	65	63	81	8	3.40	24	1.32	19.57	19.65	0.622	99.54	2.28	114.47	64.88	20.00	16.00
Aug-85	187	166	22.0	14.0	67	65	70	3	3.50	24	1.35	18.96	19.04	0.640	100.08	2.25	115.09	55.76	20.00	16.00
Sep-85	203	188	22.0	14.0	70	75	174	9	4.70	29	1.53	18.40	18.49	0.653	102.64	2.25	118.04	139.52	20.00	16.00
Oct-85	244	219	22.0	13.0	71	66	114	11	4.00	28	1.42	18.07	18.17	0.674	96.00	1.79	110.40	91.12	19.75	15.25
Nov-85	197	180	20.0	12.0	73	72	250	8	4.80	27	1.57	17.74	17.84	0.696	86.35	2.30	99.30	199.68	18.00	14.00
Dec-85	150	145	20.0	10.0	76	77	309	7	6.60	29	1.68	17.13	17.23	0.713	90.31	1.42	103.86	247.28	17.50	12.50
Jan-86	153	141	21.0	10.0	71	75	75	2	6.20	26	1.49	16.36	16.46	0.731	94.14	1.13	108.26	59.84	18.25	12.75
Feb-86	177	179	21.0	11.0	71	65	224	6	7.90	27	1.47	15.80	15.90	0.735	99.01	1.45	113.86	179.36	18.50	13.50
Mar-86	279	247	23.0	13.0	64	57	100	5	8.80	31	1.26	15.91	16.01	0.717	128.83	1.42	148.15	79.84	20.50	15.50
Apr-86	302	271	25.0	15.0	72	48	76	7	8.20	30	1.23	16.74	16.83	0.679	128.52	1.41	147.79	60.64	22.50	17.50
May-86	214	221	25.0	16.0	64	59	30	4	7.00	29	1.24	18.07	18.15	0.638	129.74	1.79	149.21	24.24	22.75	18.25
Jun-86	253	216	22.0	15.0	67	70	55	6	4.80	27	1.39	19.13	19.20	0.625	104.62	2.79	120.31	44.08	20.25	16.75
Jul-86	156	143	22.0	15.0	67	70	53	7	5.40	27	1.39	19.51	19.59	0.635	110.73	2.77	127.34	42.00	20.25	16.75
Aug-86	91	93	22.0	15.0	64	61	23	3	5.20	27	1.26	19.18	19.27	0.655	111.37	2.74	128.08	18.72	20.25	16.75
Sep-86	134	133	22.0	14.0	72	75	168	13	4.50	29	1.55	18.73	18.84	0.671	100.76	2.21	115.88	134.00	20.00	16.00
Oct-86	256	221	21.0	14.0	74	77	234	13	5.20	30	1.62	18.35	18.45	0.686	99.93	2.77	114.92	187.36	19.25	15.75
Nov-86	236	206	20.0	13.0	72	78	113	8	5.50	28	1.55	17.96	18.07	0.714	90.13	2.79	103.65	90.32	18.25	14.75
Dec-86	134	137	19.0	11.0	72	74	316	11	5.60	27	1.61	17.30	17.41	0.737	86.34	2.27	99.29	252.72	17.00	13.00
Jan-87	160	133	20.0	10.0	72	77	56	2	5.60	25	1.52	16.47	16.58	0.749	89.21	1.39	102.59	45.12	17.50	12.50
Feb-87	146	139	21.0	10.0	70	78	36	2	8.80	29	1.49	15.74	15.86	0.746	103.30	1.09	118.79	28.88	18.25	12.75
Mar-87	197	181	23.0	12.0	68	78	56	6	9.80	31	1.48	15.63	15.75	0.742	134.33	1.09	154.47	44.40	20.25	14.75
Apr-87	244	215	25.0	15.0	76	79	17	4	8.90	30	1.55	16.35	16.47	0.744	133.36	1.36	153.37	13.28	22.50	17.50
May-87	183	189	25.0	15.0	75	75	122	10	8.30	31	1.56	17.68	17.81	0.747	134.27	1.33	154.41	97.68	22.50	17.50
Jun-87	238	210	24.0	16.0	70	73	41	6	8.40	30	1.45	19.02	19.14	0.750	128.14	2.19	147.36	32.96	22.00	18.00
Jul-87	217	181	24.0	15.0	71	73	9	2	4.10	25	1.44	19.74	19.86	0.744	106.27	1.68	122.21	6.96	21.75	17.25
Aug-87	102	107	23.0	15.0	85	78	61	10	7.20	29	1.66	19.85	19.96	0.743	116.61	2.15	134.11	48.80	21.00	17.00
Sep-87	129	126	23.0	15.0	82	80	106	8	3.80	28	1.67	19.58	19.69	0.755	93.36	2.18	107.37	85.12	21.00	17.00
Oct-87	231	210	22.0	14.0	85	79	357	18	5.60	30	1.81	19.19	19.30	0.784	97.89	2.22	112.58	285.60	20.00	16.00
Nov-87	271	228	21.0	14.0	78	79	340	13	4.40	27	1.74	18.75	18.86	0.805	84.61	2.80	97.30	272.24	19.25	15.75
Dec-87	138	146	20.0	12.0	80	82	536	15	4.20	25	1.89	18.09	18.20	0.815	80.39	2.29	92.45	429.12	18.00	14.00
Jan-88	124	115	19.0	9.0	75	60	17	1	7.20	27	1.36	17.14	17.25	0.797	90.42	1.42	103.98	13.28	16.50	11.50
Feb-88	171	155	23.0	12.0	73	58	24	2	8.30	28	1.32	16.36	16.46	0.766	102.19	1.13	117.52	19.44	20.25	14.75
Mar-88	245	206	25.0	15.0	71	63	26	1	8.40	30	1.35	16.36	16.45	0.716	131.70	1.42	151.45	21.12	22.50	17.50
Apr-88	200	224	25.0	15.0	80	56	163	11	8.10	30	1.44	17.47	17.54	0.685	126.38	1.39	145.34	130.00	22.50	17.50
May-88	382	316	26.0	17.0	66	63	106	5	7.30	29	1.34	19.02	19.09	0.668	134.32	1.75	154.47	84.72	23.75	19.25
Jun-88	280	260	24.0	15.0	78	75	16	3	7.50	30	1.53	20.08	20.15	0.679	120.19	1.73	138.21	12.48	21.75	17.25
Jul-88	150	169	22.0	15.0	88	84	204	14	2.80	23	1.82	20.30	20.39	0.709	84.19	2.73	96.81	163.52	20.25	16.75
Aug-88	256	220	22.0	15.0	86	84	113	14	2.50	23	1.75	19.75	19.85	0.762	84.14	2.71	96.76	90.08	20.25	16.75
Sep-88	239	225	22.0	15.0	88	79	183	8	4.00	28	1.76	19.14	19.25	0.813	88.31	2.72	101.55	146.00	20.25	16.75
Oct-88	248	227	21.0	14.0	87	77	98	8	5.20	30	1.69	18.59	18.70	0.840	92.23	2.74	106.07	78.00	19.25	15.75
Nov-88	213	187	20.0	12.0	88	83	193	7	4.50	27	1.80	18.09	18.20	0.844	76.59	2.23	88.08	154.64	18.00	14.00
Dec-88	138	132	20.0	10.0	85	78	193	8	6.10	28	1.72	17.31	17.42	0.838	83.22	1.37	95.71	154.32	17.50	12.50
Jan-89	131	109	21.0	10.0	79	77	17	1	6.60	27	1.57	16.42	16.53	0.832	91.40	1.09	105.12	13.28	18.25	12.75
Feb-89	143	128	24.0	12.0	87	68	0	0	9.30	29	1.55	16.03	16.14	0.815	106.83	0.89	122.85	0.00	21.00	15.00
Mar-89	161	149	24.0	13.0	70	58	205	3	9.30	31	1.38	16.42	16.52	0.782	133.60	1.09	153.64	163.68	21.25	15.75
Apr-89	213	209	27.0	16.0	70	48	141	5	8.60	30	1.25	17.69	17.78	0.732	136.93	1.07	157.47	112.48	24.25	18.75
May-89	301	250	27.0	17.0	72	69	34	5	7.00	29	1.42	19.19	19.26	0.684	134.03	1.34	154.13	27.52	24.50	19.50
Jun-89	163	169	21.0	17.0	80	78	46	5	4.00	26	1.60	20.35	20.43	0.672	93.17	4.29	107.15	36.56	20.00	18.00
Jul-89	115	116	22.0	16.0	84	83	131	13	2.70	23	1.73	20.58	20.67	0.708	85.72	3.30	98.58	105.12	20.50	17.50
Aug-89	171	154	23.0	16.0	74	72	41	3	4.80	26	1.48	20.08	20.18	0.754	107.80	2.72	123.96	32.96	21.25	17.75
Sep-89	217	185	23.0	15.0	82	81	164	12	4.20	28	1.71	19.53	19.64	0.787	95.90	2.17	110.29	131.20	21.00	17.00
Oct-89	194	189	22.0	15.0	83	81	147	15	4.00	28	1.71	19.19	19.31	0.791	90.65	2.74	104.25	117.92	20.25	16.75
Nov-89	213	180	20.0	13.0	81	78	292	13	4.60	27	1.73	18.81	18.92	0.801	81.26	2.79	93.45	233.60	18.25	14.75
Dec-89	130	131	21.0	12.0	87	80	172	8	4.80	26	1.75	18.14	18.25	0.809	77.37	1.78	88.98	137.44	18.75	14.25
Jan-90	134	115	24.0	12.0	59	57	233	5	7.20	27	1.27	17.47	17.58	0.793	107.94	0.90	124.13	186.40	21.00	15.00
Feb-90	143	143	24.0	12.0	60	49	0	0	8.80	29	1.09	17.30	17.40	0.740	110.40	0.90	126.96	0.00	21.00	15.00
Mar-90	237	208	25.0	14.0	74	53	70	4	8.50	30	1.30	17.74	17.82	0.663	129.94	1.09	149.44	56.32	22.25	16.75
Apr-90	269	250	26.0	16.0	77	48	43	4	8.40	30	1.27	18.57	18.64	0.616	132.39	1.36	152.24	34.40	23.50	18.50
May-90	255	230	24.0	16.0	80	77	85	13	4.00	25	1.61	19.46	19.52	0.625	103.12	2.21	118.59	67.92	22.00	18.00
Jun-90	170	166	23.0	15.0	73	67	25	4	3.90	26	1.41	19.96	20.03	0.664	98.19	2.19	112.92	20.08	21.00	17.00
Jul-90	128	112	22.0	15.0	78	70	42	7	5.80	27	1.50	19.86	19.94	0.710	107.89	2.71	124.07	33.28	20.25	16.75
Aug-90	103	98	22.0	15.0	79	76	77	10	5.40	27	1.58	19.36	19.45	0.729	106.03	2.69	121.94	61.44	20.25	16.75
Sep-90	127	127	23.0	15.0	74	70	47	5	5.70	30	1.46	18.91	19.01	0.743	108.20	2.19	124.43	37.60	21.00	17.00
Oct-90	251	208	22.0	14.0	86	79	808	18	3.80	28	2.05	18.69	18.79	0.756	88.18	2.24	101.40	646.16	20.00	16.00
Nov-90	194	183	20.0	13.0	84	81	375	13	4.40	27	1.83	18.42	18.52	0.776	78.85	2.82	90.68	300.08	18.25	14.75
Dec-90	163	163	20.0	11.0	82	74	126	8	5.60	27	1.62	17.76	17.86	0.801	82.28	1.83	94.62	100.56	17.75	13.25
Jan-91	213	175	21.2	11.2	72	64	124	4	6.56	26	1.43	16.94	17.04	0.796	94.49	1.47	108.66	99.52	18.66	13.66
Feb-91	170	165	23.4	11.3	62	49	5	1	8.68	28	1.11	16.44	16.53	0.755	106.96	0.94	123.00	4.24	20.34	14.33
Mar-91	220	191	24.9	14.5	77	68	61	5	9.45	31	1.48	16.78	16.86	0.700	135.52	1.33	155.85	49.12	22.27	17.06
Apr-91	214	208	25.7	15.6	88	83	55	5	7.57	29	1.73	17.83	17.91	0.681	121.26	1.42	139.45	44.16	23.18	18.15
May-91	252	218	26.8	17.2	88	83	22	6	7.09	29	1.71	19.32	19.41	0.726	125.76	1.54	144.62	17.76	24.42	19.60
Jun-91	211	201	23.2	15.9	90	91	176	17	2.50	24	1.89	20.33	20.44	0.798	81.40	2.67	93.61	140.88	21.38	17.75
Jul-91	220	191	22.0	15.5	90	92	102	11	2.45	23	1.87	20.63	20.75	0.858	80.20	3.06	92.23	81.44	20.36	17.09
Aug-91	195	182	22.2	15.0	91	90	94	7	3.58	24	1.86	20.03	20.16	0.892	86.97	2.71	100.02	74.88	20.37	16.79
Sep-91	208	201	23.1	14.3	90	90	159	10	5.68	30	1.88	19.34	19.47	0.905	99.54	1.87	114.47	126.88	20.93	16.53
Oct-91	274	244	22.1	13.7	73	92	281	17	3.59	27	1.79	18.77	18.90	0.902	95.64	2.13	109.99	224.48	19.97	15.79
Nov-91	229	204	20.5	13.1	94	90	536	15	3.81	26	2.11	18.39	18.52	0.895	69.99	2.67	80.49	429.04	18.68	14.98
Dec-91	121	128	20.3	10.6	91	90	21	2	6.23	28	1.82	17.73	17.87	0.888	81.23	1.57	93.41	17.04	17.86	13.01
Jan-92	131	111	20.9	9.5	74	69	47	2	7.69	28	1.45	16.88	17.00	0.878	98.19	1.03	112.92	37.68	18.07	12.32
Feb-92	130	113	22.7	11.5	86	65	0	0	8.15	28	1.50	16.24	16.36	0.846	97.55	1.10	112.19	0.00	19.91	14.29
Mar-92	142	116	26.0	12.8	44	35	0	0	10.01	31	0.78	16.40	16.50	0.756	137.61	0.78	158.25	0.00	22.68	16.10
Apr-92	94	111	27.5	14.9	72	41	105	5	8.23	30	1.18	17.53	17.61	0.662	135.05	0.82	155.30	83.84	24.37	18.06
May-92	207	188	25.9	15.8	78	61	95	8	5.58	27	1.44	19.05	19.10	0.582	117.95	1.35	135.64	75.60	23.35	18.30
Jun-92	309	246	23.0	15.7	86	84	107	9	3.47	25	1.75	20.13	20.18	0.611	88.84	2.60	102.17	85.36	21.17	17.50
Jul-92	157	161	22.5	15.4	88	90	49	6	2.10	22	1.80	20.29	20.37	0.692	80.33	2.71	92.38	38.88	20.72	17.19
Aug-92	157	142	22.6	15.4	85	83	71	10	3.72	25	1.71	19.83	19.93	0.795	93.62	2.60	107.66	56.88	20.75	17.16
Sep-92	183	161	23.5	14.6	84	75	104	8	1.85	25	1.64	19.34	19.46	0.841	81.01	1.73	93.16	83.52	21.28	16.85
Oct-92	189	179	22.6	13.8	85	84	177	13	4.53	29	1.77	19.02	19.14	0.846	94.19	1.76	108.32	141.44	20.40	15.98
Nov-92	216	184	20.1	13.3	90	85	936	20	3.25	25	2.22	18.66	18.77	0.841	69.70	2.87	80.16	749.12	18.38	14.99
Dec-92	148	132	19.3	10.1	77	76	65	7	5.82	27	1.56	17.84	17.95	0.838	84.53	1.62	97.21	52.08	17.02	12.41
Jan-93	95	82	21.8	10.1	50	57	0	0	7.55	28	1.06	16.85	16.96	0.807	102.72	0.90	118.13	0.00	18.84	12.99
Feb-93	101	99	22.3	11.3	72	57	0	0	8.12	28	1.29	16.11	16.21	0.740	100.98	1.05	116.12	0.00	19.51	14.02
Mar-93	204	170	23.7	14.1	74	55	83	2	9.07	31	1.32	16.32	16.41	0.664	130.06	1.46	149.57	66.24	21.30	16.47
Apr-93	195	174	25.1	15.6	78	53	7	1	8.65	30	1.30	17.28	17.36	0.635	130.32	1.47	149.87	5.52	22.70	17.95
May-93	122	135	25.5	16.8	76	65	76	7	5.53	27	1.44	18.73	18.80	0.641	117.38	1.75	134.99	60.48	23.36	19.01
Jun-93	200	183	23.0	16.6	80	71	75	5	4.41	27	1.55	19.82	19.89	0.673	98.78	2.97	113.59	59.84	21.41	18.22
Jul-93	258	203	21.5	15.8	82	77	103	10	2.61	23	1.64	20.23	20.31	0.709	86.35	3.30	99.31	82.24	20.11	17.26
Aug-93	119	125	21.2	15.6	88	85	110	10	3.46	24	1.78	19.85	19.95	0.756	87.16	3.36	100.23	87.68	19.80	17.03
Sep-93	139	142	21.7	14.9	83	85	33	7	4.65	29	1.69	19.19	19.30	0.800	94.50	2.63	108.68	26.56	19.97	16.57
Oct-93	288	231	20.6	15.5	91	87	310	18	3.01	27	1.93	18.64	18.76	0.838	75.70	3.59	87.05	247.84	19.34	16.75
Nov-93	185	176	19.2	13.6	91	91	1060	18	3.28	25	2.35	18.19	18.31	0.866	66.45	3.37	76.42	848.16	17.83	15.03
Dec-93	134	134	19.1	12.4	80	85	265	11	3.45	24	1.79	17.62	17.74	0.884	73.44	2.70	84.45	212.24	17.44	14.05
Jan-94	171	148	19.9	11.3	78	75	53	4	6.11	26	1.55	16.85	16.97	0.876	87.72	1.72	100.88	42.00	17.76	13.47
Feb-94	209	192	22.0	13.0	82	68	86	4	7.34	27	1.54	16.41	16.52	0.840	93.89	1.53	107.98	68.80	19.74	15.22
Mar-94	249	226	24.3	14.2	59	44	31	3	9.40	31	1.04	16.64	16.74	0.769	136.41	1.14	156.87	24.96	21.80	16.75
Apr-94	256	257	22.8	15.2	87	67	177	9	6.08	27	1.62	17.51	17.60	0.714	104.12	2.16	119.74	141.28	20.87	17.07
May-94	347	285	25.2	17.0	74	70	71	6	5.16	27	1.47	18.68	18.75	0.676	113.59	1.80	130.62	56.56	23.14	19.05
Jun-94	175	184	27.7	16.3	84	76	36	8	2.14	23	1.61	19.76	19.84	0.705	93.04	0.82	107.00	28.64	24.86	19.17
Jul-94	153	139	20.8	16.3	84	78	80	10	1.77	22	1.65	20.42	20.51	0.737	79.92	3.86	91.91	64.00	19.67	17.40
Aug-94	178	158	21.3	15.9	81	78	39	3	2.56	23	1.61	20.40	20.51	0.781	86.04	3.39	98.95	31.04	19.95	17.28
Sep-94	183	163	22.5	15.4	77	73	129	6	5.57	30	1.57	19.74	19.84	0.789	105.18	2.38	120.96	102.80	20.70	17.17
Oct-94	184	180	20.9	14.9	91	83	497	23	4.27	28	1.98	19.05	19.16	0.800	84.28	3.06	96.92	397.92	19.40	16.40
Nov-94	237	198	18.2	13.2	92	87	593	18	3.27	25	2.08	18.32	18.42	0.815	64.21	3.69	73.84	474.56	16.93	14.44
Dec-94	166	156	19.5	10.6	67	78	54	4	5.46	27	1.47	17.49	17.60	0.832	87.96	1.55	101.16	43.44	17.25	12.78
Jan-95	116	122	19.3	10.8	83	79	193	7	4.80	24	1.72	16.41	16.52	0.834	77.89	1.78	89.57	154.48	17.18	12.93
Feb-95	209	196	22.8	12.5	73	66	11	2	7.90	27	1.39	15.87	15.98	0.800	101.46	1.13	116.68	8.88	20.23	15.08
Mar-95	320	268	24.3	13.8	80	54	195	6	8.40	30	1.43	16.22	16.32	0.763	125.84	1.08	144.72	156.32	21.68	16.43
Apr-95	256	266	24.5	15.9	88	60	168	7	7.90	29	1.55	17.45	17.54	0.725	120.59	1.75	138.68	134.00	22.35	18.05
May-95	324	289	24.0	16.3	80	70	78	7	4.10	25	1.54	18.76	18.83	0.717	102.36	2.19	117.71	62.72	22.08	18.23
Jun-95	296	270	23.5	16.5	77	77	51	9	3.30	25	1.56	19.71	19.79	0.726	94.46	2.55	108.63	40.56	21.75	18.25
Jul-95	208	200	21.3	15.8	84	81	110	11	2.20	23	1.69	19.91	20.00	0.753	82.66	3.42	95.06	88.32	19.93	17.18
Aug-95	184	186	21.3	15.6	88	82	149	11	2.60	23	1.76	19.65	19.75	0.784	81.99	3.30	94.29	118.96	19.88	17.03
Sep-95	254	229	22.1	15.3	87	87	63	6	5.20	30	1.77	19.13	19.24	0.816	95.70	2.66	110.05	50.00	20.40	17.00
Oct-95	292	264	21.9	14.8	87	84	209	14	4.60	29	1.81	18.78	18.90	0.842	90.81	2.54	104.43	167.52	20.13	16.58
Nov-95	219	203	20.0	13.8	87	85	179	14	4.40	27	1.81	18.44	18.56	0.859	76.87	3.11	88.40	143.20	18.45	15.35
Dec-95	149	146	20.6	10.3	71	66	8	2	7.80	30	1.37	17.88	18.00	0.844	97.23	1.17	111.81	6.40	18.03	12.88
Jan-96	154	132	20.5	10.4	76	77	8	2	7.61	28	1.53	17.02	17.14	0.815	96.60	1.27	111.09	6.48	17.94	12.91
Feb-96	146	145	22.1	11.5	78	59	99	2	7.61	27	1.41	16.32	16.42	0.764	96.48	1.13	110.96	79.52	19.42	14.13
Mar-96	204	183	25.5	13.0	61	44	49	3	7.28	28	1.07	16.39	16.48	0.715	124.66	0.78	143.36	39.28	22.35	16.10
Apr-96	243	248	24.3	15.5	88	68	162	10	4.99	25	1.63	17.30	17.37	0.679	100.32	1.74	115.37	129.60	22.12	17.71
May-96	393	319	26.8	16.8	72	68	80	6	6.30	28	1.43	18.78	18.85	0.664	127.87	1.26	147.05	63.76	24.33	19.34
Jun-96	202	214	22.6	15.9	83	77	68	9	5.32	28	1.63	19.84	19.92	0.698	101.92	2.84	117.21	54.00	20.90	17.57
Jul-96	168	157	21.8	15.2	83	76	84	11	4.66	26	1.63	20.25	20.34	0.732	97.78	2.90	112.45	67.04	20.17	16.88
Aug-96	196	174	21.9	15.5	85	79	91	9	5.32	27	1.68	19.75	19.85	0.778	102.42	2.97	117.78	72.72	20.32	17.07
Sep-96	181	190	21.7	14.9	89	82	182	17	2.70	26	1.80	19.15	19.25	0.800	79.09	2.85	90.95	145.76	19.99	16.62
Oct-96	319	268	20.9	14.2	87	83	423	11	4.66	29	1.91	18.59	18.70	0.827	89.05	2.87	102.41	338.56	19.25	15.88
Nov-96	223	208	20.0	13.2	91	84	255	14	3.68	26	1.87	18.15	18.26	0.846	70.41	2.88	80.97	204.24	18.31	14.92
Dec-96	139	135	21.9	9.2	81	62	554	10	4.99	26	1.70	17.51	17.62	0.845	86.61	0.78	99.60	442.88	18.69	12.34
Jan-97	128	114	21.0	10.2	85	78	119	5	5.53	25	1.69	16.75	16.85	0.832	84.86	1.12	97.59	95.36	18.30	12.90
Feb-97	164	150	21.7	10.8	76	63	0	0	8.25	28	1.39	16.18	16.27	0.793	99.72	1.10	114.68	0.00	18.98	13.53
Mar-97	244	204	23.2	12.5	60	48	93	2	8.58	30	1.12	16.17	16.26	0.747	128.77	1.14	148.09	74.40	20.53	15.18
Apr-97	197	204	22.9	13.0	84	87	34	4	7.09	28	1.73	16.65	16.73	0.710	112.97	1.36	129.91	26.88	20.43	15.48
May-97	262	235	22.4	14.7	79	83	152	8	6.02	28	1.69	17.42	17.51	0.706	111.46	2.32	128.17	121.44	20.48	16.63
Jun-97	274	245	21.4	15.0	92	91	81	7	3.51	25	1.86	17.98	18.09	0.765	80.28	3.01	92.32	64.80	19.80	16.60
Jul-97	226	215	22.1	15.7	89	81	114	12	1.43	22	1.76	18.38	18.50	0.819	74.46	2.99	85.63	91.20	20.50	17.30
Aug-97	234	222	22.2	14.6	86	76	75	7	2.41	23	1.65	18.52	18.64	0.861	84.23	2.28	96.86	59.68	20.30	16.50
Sep-97	267	245	22.6	14.0	87	56	133	9	5.29	30	1.48	18.62	18.73	0.838	97.59	1.77	112.23	106.48	20.45	16.15
Oct-97	265	253	23.0	13.6	93	91	680	20	3.51	27	2.17	18.55	18.65	0.824	82.77	1.46	95.19	544.16	20.65	15.95
Nov-97	249	224	23.0	13.1	95	92	528	19	3.10	25	2.13	18.46	18.55	0.826	71.59	1.30	82.33	422.40	20.53	15.58
Dec-97	182	169	21.6	12.2	93	89	280	16	2.45	23	1.96	18.20	18.30	0.873	65.70	1.50	75.55	223.68	19.25	14.55
Jan-98	166	156	20.7	12.1	82	85	51	4	6.54	26	1.69	17.80	17.91	0.900	90.89	1.84	104.53	40.96	18.57	14.23
Feb-98	222	203	21.2	12.5	88	90	12	2	7.18	26	1.78	17.29	17.41	0.905	89.10	1.83	102.47	9.36	19.00	14.64
Mar-98	287	235	23.7	14.4	81	77	3	1	9.38	31	1.58	17.17	17.30	0.874	129.51	1.51	148.93	2.56	21.37	16.69
Apr-98	168	181	25.3	16.3	80	72	37	6	7.50	29	1.54	17.75	17.88	0.845	124.08	1.63	142.69	29.20	23.02	18.52
May-98	208	194	24.2	16.4	80	75	55	6	7.08	29	1.57	18.85	18.97	0.810	122.24	2.20	140.57	44.00	22.22	18.33
Jun-98	268	223	24.3	16.2	76	72	58	8	4.56	27	1.51	19.86	19.97	0.784	104.01	2.00	119.61	46.64	22.31	18.26
Jul-98	157	164	22.1	15.8	84	78	108	11	3.40	24	1.67	20.18	20.29	0.772	91.61	3.01	105.36	86.16	20.54	17.41
Aug-98	215	197	20.9	15.4	88	88	201	15	2.57	23	1.86	19.89	19.99	0.784	80.99	3.42	93.14	160.88	19.51	16.74
Sep-98	285	247	21.9	15.1	85	77	88	6	3.55	27	1.66	19.25	19.36	0.809	86.72	2.71	99.73	70.24	20.21	16.82
Oct-98	236	230	21.5	14.8	87	86	169	14	4.20	28	1.81	18.73	18.84	0.834	87.84	2.74	101.02	135.44	19.83	16.46
Nov-98	212	194	20.3	13.3	88	87	214	12	4.31	26	1.85	18.30	18.41	0.848	76.44	2.57	87.91	171.52	18.57	15.04
Dec-98	174	159	19.1	11.8	86	87	668	10	4.30	25	2.06	17.72	17.84	0.861	73.94	2.42	85.03	534.00	17.27	13.60
Jan-99	134	126	20.4	10.5	68	73	2	0	9.00	30	1.41	16.93	17.05	0.850	105.44	1.24	121.26	1.52	17.93	12.98
Feb-99	175	163	21.0	11.9	70	68	264	6	8.70	28	1.50	16.24	16.36	0.819	103.10	1.52	118.56	211.28	18.73	14.18
Mar-99	264	220	23.9	13.9	63	54	11	1	9.90	31	1.17	16.28	16.39	0.747	137.62	1.18	158.26	8.88	21.40	16.40
Apr-99	203	204	24.7	15.3	66	62	114	12	8.60	30	1.33	17.13	17.22	0.687	134.59	1.38	154.78	91.04	22.35	17.65
May-99	214	194	23.7	15.6	79	79	47	7	5.80	27	1.60	18.37	18.46	0.658	113.96	1.94	131.06	37.92	21.68	17.63
Jun-99	214	188	22.6	14.6	76	77	22	4	5.70	28	1.54	19.20	19.29	0.682	106.20	1.97	122.13	17.28	20.60	16.60
Jul-99	141	130	22.1	15.5	85	82	80	7	3.50	24	1.70	19.39	19.50	0.735	90.35	2.74	103.91	64.32	20.45	17.15
Aug-99	141	135	21.9	14.6	85	86	55	4	4.40	26	1.74	19.07	19.19	0.784	96.35	2.33	110.80	43.68	20.08	16.43
Sep-99	194	169	22.3	14.5	80	75	106	8	6.10	30	1.60	18.77	18.89	0.814	106.39	2.06	122.35	85.12	20.35	16.45
Oct-99	213	209	20.8	14.5	92	84	603	24	2.90	27	2.06	18.46	18.58	0.829	74.58	2.94	85.77	482.72	19.23	16.08
Nov-99	259	226	19.8	12.5	84	84	431	9	5.30	28	1.89	18.09	18.20	0.836	83.06	2.40	95.52	345.04	17.98	14.33
Dec-99	203	193	18.3	11.0	90	88	151	7	5.10	26	1.85	17.31	17.42	0.855	71.95	2.43	82.74	120.64	16.48	12.83
Jan-00	151	148	19.7	11.5	82	80	47	3	7.40	28	1.64	16.43	16.55	0.857	90.61	1.96	104.20	37.60	17.65	13.55
Feb-00	202	205	21.0	12.6	90	80	244	11	7.00	26	1.82	15.86	15.98	0.861	86.25	1.88	99.19	194.96	18.90	14.70
Mar-00	361	292	23.0	13.4	73	61	0	0	9.30	31	1.33	16.09	16.21	0.828	129.63	1.36	149.07	0.00	20.60	15.80
Apr-00	246	248	24.6	15.9	73	62	73	6	8.30	30	1.38	17.07	17.18	0.788	129.73	1.70	149.19	58.08	22.43	18.08
May-00	213	192	24.3	15.6	73	73	115	7	7.60	30	1.51	18.33	18.42	0.735	129.66	1.69	149.11	91.92	22.13	17.78
Jun-00	177	155	22.2	15.1	77	80	41	3	3.90	26	1.58	19.24	19.34	0.719	95.32	2.50	109.62	32.56	20.43	16.88
Jul-00	102	89	22.2	14.7	78	71	23	3	5.50	27	1.49	19.44	19.54	0.726	106.62	2.25	122.61	18.16	20.33	16.58
Aug-00	108	127	21.6	15.0	87	76	162	10	3.80	25	1.71	19.11	19.22	0.756	90.58	2.76	104.16	129.60	19.95	16.65
Sep-00	318	244	21.4	14.8	87	84	243	12	4.00	28	1.83	18.67	18.78	0.781	87.72	2.75	100.87	194.00	19.75	16.45
Oct-00	215	222	21.3	14.0	85	87	140	9	4.60	29	1.79	18.34	18.45	0.813	90.57	2.37	104.16	112.00	19.48	15.83
Nov-00	220	189	19.8	12.9	90	89	420	11	5.10	27	2.00	17.98	18.09	0.844	77.28	2.61	88.87	335.92	18.08	14.63
Dec-00	172	161	20.1	10.5	75	82	153	8	8.00	29	1.65	17.36	17.48	0.859	96.57	1.32	111.06	122.48	17.70	12.90
Jan-01	140	134	20.0	11.7	84	79	54	4	6.60	30	1.65	16.64	16.76	0.856	86.91	1.90	99.94	43.28	17.93	13.78
Feb-01	190	171	22.4	12.3	73	67	9	1	9.40	28	1.40	16.23	16.35	0.820	108.09	1.18	124.31	6.88	19.88	14.83
Mar-01	202	170	24.1	14.0	70	61	6	1	8.90	31	1.31	16.55	16.66	0.777	132.19	1.19	152.02	4.80	21.58	16.53
Apr-01	148	186	23.6	15.2	84	72	326	9	7.80	29	1.72	17.47	17.57	0.736	119.17	1.86	137.05	261.04	21.50	17.30
May-01	378	289	25.5	16.0	71	65	62	3	7.70	31	1.39	18.66	18.75	0.716	133.13	1.38	153.10	49.68	23.13	18.38
Jun-01	201	201	22.9	15.4	79	78	69	6	5.00	25	1.60	19.45	19.54	0.725	102.58	2.32	117.97	55.52	21.03	17.28
Jul-01	119	117	21.1	15.1	82	78	50	4	4.00	29	1.62	19.69	19.79	0.739	93.44	3.17	107.45	39.84	19.60	16.60
Aug-01	154	141	21.7	14.7	82	79	106	5	4.60	27	1.66	19.28	19.38	0.769	98.66	2.57	113.46	84.96	19.95	16.45
Sep-01	201	175	22.5	14.8	86	81	131	10	5.00	27	1.73	18.79	18.90	0.790	96.51	2.20	110.99	105.12	20.58	16.73
Oct-01	220	202	21.0	14.5	88	86	185	9	3.50	28	1.83	18.42	18.53	0.818	81.95	2.91	94.24	148.24	19.38	16.13
Nov-01	206	180	19.7	13.3	91	89	502	13	4.60	27	2.05	18.14	18.26	0.844	74.22	2.99	85.35	401.60	18.10	14.90
Dec-01	149	143	18.7	11.2	82	87	373	9	5.40	24	1.87	17.50	17.62	0.865	79.55	2.39	91.49	298.32	16.83	13.08
Jan-02	146	132	20.2	11.1	83	84	42	2	7.00	30	1.69	16.67	16.79	0.874	90.42	1.61	103.99	33.52	17.93	13.38
Feb-02	179	164	20.4	11.5	78	75	19	2	7.69	23	1.54	15.96	16.09	0.856	93.88	1.71	107.96	15.36	18.18	13.73
Mar-02	203	181	23.7	13.4	65	61	14	1	9.40	31	1.26	16.06	16.18	0.810	134.05	1.18	154.16	11.36	21.13	15.98
Apr-02	194	192	24.7	15.0	82	58	55	4	9.50	30	1.42	16.86	16.97	0.754	133.42	1.37	153.43	44.32	22.28	17.43
May-02	234	216	24.5	16.1	78	71	137	8	6.90	30	1.55	18.21	18.30	0.712	122.99	1.90	141.44	109.52	22.40	18.20
Jun-02	251	218	23.2	15.5	79	72	15	2	5.80	29	1.51	19.25	19.33	0.709	106.98	2.25	123.03	12.32	21.28	17.43
Jul-02	152	140	22.7	14.8	79	78	75	8	5.30	30	1.60	19.70	19.79	0.731	106.58	2.13	122.57	60.16	20.73	16.78
Aug-02	102	94	22.0	14.7	83	78	63	10	3.90	22	1.64	19.45	19.55	0.761	94.61	2.44	108.81	50.40	20.18	16.53
Sep-02	123	114	23.2	14.4	78	70	52	6	7.00	30	1.50	19.05	19.16	0.775	114.12	1.68	131.24	41.20	21.00	16.60
Oct-02	206	179	21.5	14.7	88	85	530	14	3.70	26	1.99	18.71	18.81	0.790	84.20	2.78	96.83	424.16	19.80	16.40
Nov-02	211	184	20.4	13.3	89	87	548	13	5.00	24	2.03	18.41	18.52	0.808	78.98	2.63	90.83	438.16	18.63	15.08
Dec-02	162	146	20.9	10.7	66	70	52	3	7.70	30	1.38	17.84	17.95	0.821	99.52	1.24	114.45	41.44	18.35	13.25
Jan-03	141	125	21.3	11.0	73	74	0	0	8.50	30	1.47	17.12	17.23	0.808	103.59	1.22	119.13	0.00	18.73	13.58
Feb-03	141	139	22.2	12.6	80	68	49	6	8.90	28	1.50	16.63	16.73	0.769	103.39	1.47	118.90	39.44	19.80	15.00
Mar-03	220	205	23.4	13.6	63	62	246	8	9.40	31	1.37	16.77	16.87	0.731	136.30	1.40	156.75	196.88	20.95	16.05
Apr-03	290	261	24.0	15.1	76	68	198	8	8.40	30	1.54	17.50	17.60	0.707	127.40	1.75	146.51	158.32	21.78	17.33
May-03	249	235	25.5	16.8	68	71	65	3	7.40	29	1.42	18.60	18.69	0.695	133.06	1.83	153.02	52.16	23.33	18.98
Jun-03	198	183	23.9	15.8	75	78	69	10	4.90	26	1.56	19.54	19.64	0.704	106.46	2.09	122.43	55.04	21.88	17.83
Jul-03	170	158	22.3	15.4	83	84	123	11	2.70	24	1.73	20.03	20.14	0.727	87.96	2.73	101.15	98.08	20.58	17.13
Aug-03	190	170	22.4	15.1	80	84	94	10	4.20	27	1.68	19.84	19.95	0.769	99.91	2.48	114.89	74.96	20.58	16.93
Sep-03	192	172	22.8	14.0	72	80	52	5	7.40	30	1.54	19.34	19.46	0.794	118.90	1.74	136.73	41.20	20.60	16.20
Oct-03	168	164	21.7	14.4	86	88	386	20	4.40	26	1.93	18.82	18.95	0.812	90.37	2.53	103.92	309.04	19.88	16.23
Nov-03	201	174	19.4	12.7	87	90	365	15	3.80	22	1.95	18.27	18.40	0.824	73.06	2.90	84.02	292.16	17.73	14.38
Dec-03	157	146	20.0	10.4	72	75	34	3	8.00	29	1.48	17.53	17.66	0.834	96.67	1.47	111.17	26.80	17.60	12.80
Jan-04	134	127	20.6	10.6	74	77	119	3	7.50	31	1.57	16.60	16.73	0.826	97.93	1.33	112.62	95.12	18.10	13.10
Feb-04	170	149	21.5	10.9	66	64	53	2	9.50	29	1.32	15.99	16.10	0.783	107.57	1.16	123.71	42.32	18.85	13.55
Mar-04	196	176	24.6	13.4	54	48	4	0	9.00	31	1.02	16.15	16.25	0.717	133.41	1.00	153.42	3.20	21.80	16.20
Apr-04	185	186	24.8	15.7	75	67	79	6	7.80	29	1.46	17.10	17.19	0.660	127.65	1.65	146.80	62.88	22.53	17.98
May-04	241	220	22.4	15.3	81	86	646	15	3.50	23	1.99	18.33	18.42	0.652	96.88	2.65	111.42	516.96	20.63	17.08
Jun-04	248	225	22.5	14.7	76	76	47	5	5.80	27	1.54	19.10	19.20	0.697	106.33	2.25	122.27	37.60	20.55	16.65
Jul-04	210	198	22.3	14.8	78	81	96	7	4.40	26	1.63	19.17	19.28	0.756	100.62	2.39	115.72	76.96	20.43	16.68
Aug-04	200	183	22.3	14.7	77	77	37	5	5.70	27	1.55	18.90	19.01	0.785	110.22	2.32	126.75	29.52	20.40	16.60
Sep-04	181	173	21.0	14.7	87	91	391	18	2.70	24	1.97	18.59	18.71	0.801	79.52	3.07	91.45	312.88	19.43	16.28
Oct-04	205	180	20.9	14.0	86	87	654	20	3.30	22	2.05	18.35	18.47	0.817	82.39	2.74	94.75	523.36	19.18	15.73
Nov-04	159	148	19.3	12.8	90	88	506	12	3.70	20	2.03	17.88	18.00	0.856	69.76	3.01	80.22	404.72	17.68	14.43
Dec-04	144	129	20.7	10.0	64	76	11	2	8.50	30	1.40	17.21	17.33	0.858	102.61	1.10	118.01	8.72	18.03	12.68
Jan-05	141	123	21.6	10.8	74	69	24	2	8.40	31	1.44	16.51	16.63	0.832	103.17	1.09	118.65	19.36	18.90	13.50
Feb-05	135	126	22.4	11.6	59	55	26	3	8.80	27	1.15	16.19	16.30	0.754	107.49	1.10	123.62	20.56	19.70	14.30
Mar-05	173	160	23.7	13.3	72	69	107	3	8.20	31	1.46	16.50	16.60	0.700	126.97	1.20	146.02	85.60	21.10	15.90
Apr-05	228	222	23.1	15.0	79	75	234	13	6.40	27	1.65	17.27	17.36	0.671	111.93	2.14	128.72	186.88	21.08	17.03
May-05	322	277	24.8	16.1	71	79	45	5	7.10	31	1.52	18.32	18.42	0.698	128.44	1.83	147.70	36.16	22.63	18.28
Jun-05	225	217	23.2	15.3	75	79	92	9	4.30	25	1.58	19.11	19.22	0.732	101.17	2.20	116.35	73.76	21.23	17.28
Jul-05	175	165	22.2	15.1	83	83	138	15	3.70	27	1.73	19.53	19.65	0.766	93.52	2.62	107.54	110.00	20.43	16.88
Aug-05	175	159	22.4	14.6	78	79	57	6	5.00	27	1.59	19.36	19.48	0.783	105.67	2.22	121.53	45.36	20.45	16.55
Sep-05	189	175	21.9	14.3	79	84	118	10	4.20	24	1.69	18.97	19.09	0.799	95.05	2.35	109.30	94.08	20.00	16.20
Oct-05	212	187	21.5	14.4	85	88	229	15	3.40	22	1.84	18.55	18.67	0.812	84.71	2.66	97.41	182.96	19.73	16.18
Nov-05	167	152	19.6	12.8	82	89	558	15	3.70	16	1.99	18.09	18.22	0.830	76.73	2.86	88.24	446.72	17.90	14.50
Dec-05	115	109	19.8	11.2	78	84	104	8	5.60	24	1.67	17.47	17.60	0.843	84.58	1.94	97.26	83.12	17.65	13.35
Jan-06	128	106	20.4	10.7	66	72	80	3	7.80	29	1.42	16.66	16.79	0.831	101.53	1.48	116.76	63.92	17.98	13.13
Feb-06	130	122	22.0	10.0	56	56	0	0	9.50	28	1.12	16.07	16.19	0.777	109.14	0.89	125.51	0.00	19.00	13.00
Mar-06	188	175	23.0	13.2	73	68	142	2	7.80	31	1.48	16.07	16.18	0.711	121.40	1.44	139.61	113.60	20.55	15.65
Apr-06	256	222	24.5	15.0	71	66	112	5	8.40	29	1.42	16.80	16.89	0.665	130.71	1.53	150.31	89.44	22.13	17.38
May-06	192	190	24.4	15.7	73	74	110	7	5.90	26	1.52	18.00	18.10	0.672	119.20	1.85	137.08	87.84	22.23	17.88
Jun-06	190	174	22.9	15.0	79	81	36	3	4.80	28	1.61	19.02	19.12	0.702	100.62	2.22	115.71	29.04	20.93	16.98
Jul-06	176	156	22.8	14.9	80	81	36	3	4.80	28	1.62	19.47	19.57	0.745	102.91	2.21	118.34	29.04	20.83	16.88
Aug-06	141	135	22.9	14.4	79	78	68	9	3.90	28	1.60	19.31	19.42	0.774	99.54	1.91	114.47	54.00	20.78	16.53
Sep-06	168	159	22.2	14.4	82	84	160	15	3.30	23	1.74	18.98	19.10	0.796	89.05	2.28	102.41	128.16	20.25	16.35
Oct-06	233	195	20.7	14.0	89	90	755	20	2.20	20	2.16	18.59	18.71	0.817	73.45	2.92	84.47	604.08	19.03	15.68
Nov-06	151	143	19.6	13.6	93	92	579	19	2.50	16	2.14	18.13	18.25	0.850	62.36	3.32	71.72	462.88	18.10	15.10
Dec-06	110	100	20.1	9.7	71	77	91	3	7.70	29	1.52	17.36	17.48	0.869	96.86	1.22	111.39	73.12	17.50	12.30
Jan-07	112	98	20.7	9.6	64	73	27	1	8.40	30	1.38	16.51	16.63	0.850	104.61	1.05	120.30	21.28	17.93	12.38
Feb-07	129	122	21.3	10.2	69	70	140	3	8.60	28	1.46	15.78	15.90	0.788	103.13	1.07	118.60	112.32	18.53	12.98
Mar-07	204	169	23.5	12.8	62	55	45	1	9.00	31	1.19	15.80	15.91	0.718	131.26	1.17	150.95	36.00	20.83	15.48
Apr-07	173	163	24.1	14.3	74	65	69	5	7.60	30	1.42	16.51	16.61	0.675	122.89	1.44	141.32	55.12	21.65	16.75
May-07	174	163	25.2	15.7	66	73	86	5	7.20	30	1.43	17.84	17.93	0.659	131.84	1.52	151.62	68.88	22.83	18.08
Jun-07	198	175	22.8	15.3	79	81	114	7	3.20	19	1.65	18.92	19.01	0.684	91.80	2.48	105.57	91.52	20.93	17.18
Jul-07	177	166	22.0	15.1	83	81	85	10	1.90	18	1.68	19.47	19.57	0.722	82.39	2.79	94.75	68.32	20.28	16.83
Aug-07	182	173	21.6	14.3	83	82	145	13	3.20	21	1.72	19.22	19.34	0.775	89.75	2.56	103.22	116.32	19.78	16.13
Sep-07	229	201	22.2	14.8	82	83	121	9	2.70	22	1.71	18.82	18.93	0.806	85.20	2.51	97.98	97.12	20.35	16.65
Oct-07	218	198	20.7	13.4	85	86	393	13	2.80	19	1.90	18.31	18.43	0.828	80.34	2.60	92.39	314.24	18.88	15.23
Nov-07	167	157	20.3	11.2	78	81	107	7	5.80	26	1.64	17.84	17.96	0.832	88.65	1.72	101.95	85.60	18.03	13.48
Dec-07	135	128	19.2	10.9	78	82	284	6	5.30	23	1.74	17.05	17.17	0.831	82.27	2.12	94.61	227.52	17.13	12.98
Jan-08	148	132	21.1	9.3	48	68	13	2	9.30	30	1.16	16.21	16.33	0.794	110.58	0.93	127.17	10.48	18.15	12.25
Feb-08	170	159	20.9	11.7	79	75	397	7	7.00	27	1.74	15.68	15.80	0.758	92.90	1.76	106.84	317.52	18.60	14.00
Mar-08	244	219	20.8	12.3	77	76	391	12	5.10	26	1.72	15.70	15.81	0.721	99.81	2.07	114.78	312.96	18.68	14.43
Apr-08	262	244	23.7	13.9	69	65	104	4	8.30	30	1.39	16.33	16.43	0.726	127.31	1.47	146.41	83.28	21.25	16.35
May-08	249	227	24.9	15.0	95	75	86	5	6.80	31	1.74	17.30	17.40	0.740	112.67	1.41	129.58	68.88	22.43	17.48
Jun-08	188	181	22.9	14.6	75	77	82	4	3.90	27	1.56	18.36	18.45	0.757	97.94	2.08	112.63	65.36	20.83	16.68
Jul-08	187	166	22.0	14.5	80	79	110	7	4.20	25	1.64	18.95	19.05	0.778	97.77	2.49	112.43	87.76	20.13	16.38
Aug-08	167	157	21.6	14.4	82	86	232	15	3.20	22	1.79	18.91	19.02	0.789	90.72	2.63	104.33	185.68	19.80	16.20
Sep-08	196	183	22.5	13.9	77	74	27	4	5.20	28	1.52	18.57	18.69	0.802	102.49	1.90	117.86	21.60	20.35	16.05
Oct-08	240	208	21.1	14.0	89	85	542	19	4.10	23	2.01	18.22	18.34	0.810	84.69	2.71	97.39	433.28	19.33	15.78
Nov-08	176	171	20.3	12.4	81	82	109	7	4.70	22	1.68	17.90	18.01	0.816	82.39	2.31	94.75	87.20	18.33	14.38
Dec-08	156	136	19.6	10.5	77	81	76	5	6.40	27	1.61	17.29	17.40	0.826	88.13	1.76	101.35	60.48	17.33	12.78
Jan-09	108	96	20.2	9.2	65	64	5	1	8.90	30	1.29	16.43	16.55	0.801	103.59	1.11	119.13	4.24	17.45	11.95
Feb-09	94	89	22.6	10.7	57	47	0	0	10.30	28	1.04	15.79	15.90	0.745	112.41	0.91	129.27	0.00	19.63	13.68
Mar-09	146	140	23.6	13.3	63	54	160	4	7.40	30	1.25	15.88	15.97	0.663	122.94	1.29	141.38	128.08	21.03	15.88
Apr-09	239	205	25.2	14.9	62	59	41	2	7.20	29	1.23	16.88	16.96	0.603	126.76	1.25	145.77	32.56	22.63	17.48
May-09	205	198	25.2	15.5	66	68	100	7	6.30	31	1.39	18.26	18.34	0.593	126.24	1.44	145.17	79.92	22.78	17.93
Jun-09	199	182	23.4	14.7	73	78	35	3	5.20	28	1.52	19.34	19.42	0.624	107.48	1.85	123.60	27.76	21.23	16.88
Jul-09	180	166	22.2	14.7	81	79	93	10	3.00	17	1.64	19.64	19.74	0.681	90.55	2.45	104.13	74.40	20.33	16.58
Aug-09	168	165	22.1	14.2	80	85	179	13	4.70	28	1.74	19.29	19.40	0.739	101.96	2.19	117.25	142.88	20.13	16.18
Sep-09	234	206	22.8	14.6	79	82	33	6	3.70	25	1.62	18.83	18.95	0.784	93.85	2.03	107.93	26.72	20.75	16.65
Oct-09	217	198	21.9	13.3	80	77	132	8	5.30	26	1.63	18.46	18.58	0.805	99.09	1.85	113.95	105.20	19.75	15.45
Nov-09	156	157	19.8	13.2	90	92	1164	17	3.30	21	2.40	18.15	18.27	0.822	68.94	2.95	79.28	931.44	18.15	14.85
Dec-09	159	144	19.5	11.9	86	88	191	11	3.90	22	1.83	17.54	17.66	0.840	72.37	2.41	83.23	152.48	17.60	13.80
Jan-10	160	142	19.6	10.7	81	81	66	3	5.50	29	1.65	16.76	16.87	0.862	83.15	1.76	95.62	52.72	17.38	12.93
Feb-10	143	139	22.8	11.5	60	60	2	0	9.60	28	1.20	16.22	16.34	0.835	111.31	0.98	128.01	1.76	19.98	14.33
Mar-10	202	167	25.0	13.7	55	48	0	0	8.60	31	1.03	16.41	16.52	0.760	132.14	0.97	151.96	0.00	22.18	16.53
Apr-10	139	146	25.8	16.6	67	58	37	4	8.00	29	1.26	17.55	17.65	0.662	132.78	1.59	152.70	29.20	23.50	18.90
May-10	206	202	25.0	16.8	72	76	170	9	6.30	28	1.56	19.04	19.13	0.617	124.93	2.00	143.67	136.16	22.95	18.85
Jun-10	330	259	23.2	16.2	78	79	79	7	3.60	22	1.61	20.17	20.26	0.643	95.67	2.63	110.03	63.44	21.45	17.95
Jul-10	131	153	21.9	15.6	82	81	152	12	1.90	16	1.70	20.36	20.46	0.710	82.93	3.01	95.37	121.44	20.33	17.18
Aug-10	167	147	22.0	15.5	80	83	77	9	3.10	21	1.66	19.90	20.01	0.770	92.23	2.86	106.06	61.52	20.38	17.13
Sep-10	183	167	21.9	14.9	82	84	167	10	3.30	22	1.74	19.24	19.36	0.805	88.08	2.57	101.29	133.36	20.15	16.65
Oct-10	192	176	21.6	14.5	82	88	217	13	3.40	24	1.81	18.78	18.91	0.822	87.06	2.54	100.12	173.84	19.83	16.28
Nov-10	195	171	19.2	14.1	90	90	499	17	1.80	15	2.05	18.33	18.46	0.842	60.71	3.70	69.81	399.44	17.93	15.38
Dec-10	127	117	19.9	12.0	75	84	189	8	5.10	25	1.68	17.75	17.88	0.853	84.94	2.14	97.68	150.80	17.93	13.98
Jan-11	106	98	20.4	10.6	61	70	30	2	8.10	29	1.32	16.96	17.09	0.838	103.81	1.30	119.38	24.16	17.95	13.05
Feb-11	155	140	21.3	11.1	65	61	196	5	8.10	27	1.35	16.35	16.47	0.781	102.09	1.19	117.41	156.56	18.75	13.65
Mar-11	231	205	22.9	12.7	56	53	17	2	8.80	31	1.09	16.21	16.32	0.699	129.31	1.19	148.71	13.36	20.35	15.25
Apr-11	234	225	23.0	15.1	78	76	220	9	6.90	30	1.65	16.76	16.85	0.654	115.23	2.16	132.51	175.84	21.03	17.08
May-11	272	251	24.3	15.7	70	73	63	6	7.70	31	1.46	17.78	17.87	0.648	130.86	1.77	150.49	50.08	22.15	17.85
Jun-11	258	230	22.8	15.2	78	73	107	7	4.00	24	1.56	18.73	18.83	0.694	96.13	2.25	110.55	85.36	20.90	17.10
Jul-11	184	174	22.4	15.5	78	76	80	6	2.60	23	1.58	19.28	19.39	0.726	90.22	2.63	103.75	64.32	20.68	17.23
Aug-11	151	142	21.7	15.3	83	85	100	9	2.20	18	1.73	19.24	19.35	0.763	84.22	2.92	96.85	80.24	20.10	16.90
Sep-11	168	155	22.1	14.7	78	84	110	11	4.30	28	1.67	19.00	19.11	0.783	96.84	2.36	111.36	88.08	20.25	16.55
Oct-11	207	182	20.9	14.5	86	87	625	19	3.20	22	2.04	18.63	18.75	0.815	82.07	2.97	94.38	500.24	19.30	16.10
Nov-11	188	171	19.4	12.7	84	85	442	13	4.30	18	1.91	18.15	18.28	0.835	77.02	2.82	88.57	353.60	17.73	14.38
Dec-11	125	118	20.1	11.4	76	80	118	5	5.50	28	1.62	17.45	17.57	0.845	86.22	1.77	99.15	94.08	17.93	13.58
Jan-12	117	104	19.6	9.4	75	75	37	1	7.90	31	1.52	16.53	16.65	0.829	96.26	1.21	110.70	29.20	17.05	11.95
Feb-12	127	116	21.7	11.3	56	53	6	1	9.70	29	1.09	15.92	16.03	0.777	108.78	1.17	125.10	4.80	19.10	13.90
Mar-12	175	153	24.0	13.8	67	57	70	3	8.10	31	1.27	15.96	16.06	0.710	127.03	1.22	146.09	56.08	21.45	16.35
Apr-12	166	160	24.6	15.1	76	64	95	6	7.40	28	1.44	16.95	17.04	0.652	122.70	1.43	141.11	76.00	22.23	17.48
May-12	208	199	25.0	16.3	68	76	45	5	7.30	26	1.46	18.35	18.44	0.648	131.80	1.74	151.57	35.92	22.83	18.48
Jun-12	266	212	23.4	15.2	70	76	53	6	4.20	29	1.48	19.45	19.55	0.674	103.36	1.96	118.87	42.48	21.35	17.25
Jul-12	119	125	22.6	14.8	73	72	30	4	3.80	17	1.46	19.83	19.94	0.709	100.25	2.17	115.29	23.60	20.65	16.75
Aug-12	120	101	22.2	14.8	78	78	110	13	1.00	28	1.61	19.51	19.62	0.730	80.91	2.37	93.05	87.92	20.35	16.65
Sep-12	130	126	22.5	14.6	74	77	36	4	4.90	22	1.52	19.06	19.18	0.742	102.99	2.11	118.43	28.48	20.53	16.58
Oct-12	205	172	20.8	14.0	82	82	750	16	4.00	28	2.01	18.60	18.71	0.765	89.24	2.74	102.62	600.16	19.10	15.70
Nov-12	190	180	20.8	12.4	73	76	138	6	6.90	28	1.56	18.17	18.28	0.776	96.84	1.90	111.37	110.32	18.70	14.50
Dec-12	189	167	20.4	11.7	69	75	55	6	6.80	27	1.46	17.53	17.65	0.781	94.63	1.78	108.82	43.84	18.23	13.88
Jan-13	168	150	20.8	10.3	67	63	6	1	8.70	31	1.30	16.83	16.95	0.752	104.39	1.13	120.05	4.96	18.18	12.93
Feb-13	120	117	21.6	12.1	67	64	49	3	8.20	27	1.33	16.37	16.48	0.717	102.48	1.47	117.86	39.04	19.23	14.48
Mar-13	160	155	22.8	13.8	69	62	126	4	7.30	30	1.37	16.44	16.54	0.679	119.31	1.67	137.21	100.80	20.55	16.05
Apr-13	254	219	25.0	15.9	73	66	107	4	7.50	30	1.44	17.26	17.36	0.667	125.83	1.60	144.71	85.36	22.73	18.18
May-13	203	212	24.8	16.4	70	70	135	8	6.70	30	1.46	18.48	18.57	0.671	127.28	1.89	146.37	107.76	22.70	18.50
Jun-13	236	211	21.6	15.6	80	80	52	5	1.70	17	1.62	19.47	19.57	0.697	80.13	3.20	92.15	41.76	20.10	17.10
Jul-13	181	174	21.7	15.3	83	78	52	7	1.90	17	1.63	19.71	19.81	0.730	81.25	2.94	93.44	41.28	20.10	16.90
Aug-13	119	127	21.5	14.8	79	82	68	8	3.80	26	1.64	19.26	19.37	0.770	95.90	2.75	110.28	54.00	19.83	16.48
Sep-13	162	172	21.9	14.4	79	80	174	11	4.00	25	1.67	18.72	18.84	0.793	93.79	2.28	107.86	139.12	20.03	16.28
Oct-13	285	244	21.5	13.8	77	83	211	9	4.00	24	1.70	18.30	18.42	0.804	93.30	2.19	107.30	169.12	19.58	15.73
Nov-13	206	204	19.5	12.9	87	87	273	11	3.20	22	1.87	17.94	18.07	0.812	70.25	2.84	80.79	218.00	17.85	14.55
Dec-13	146	146	20.0	10.3	74	82	120	5	6.70	28	1.62	17.30	17.42	0.818	91.91	1.32	105.70	95.60	17.58	12.73
Jan-14	154	140	19.1	10.4	74	74	12	2	7.40	28	1.48	16.43	16.55	0.816	93.10	1.73	107.06	9.68	16.93	12.58
Feb-14	125	130	21.2	11.7	76	65	106	5	7.70	27	1.46	15.80	15.92	0.788	96.31	1.40	110.76	84.72	18.83	14.08
Mar-14	202	183	22.6	12.9	58	53	103	6	7.80	30	1.16	15.79	15.89	0.737	122.95	1.32	141.40	82.16	20.18	15.33
Apr-14	215	195	25.1	15.7	71	57	6	1	8.10	30	1.28	16.73	16.82	0.682	129.44	1.40	148.85	4.40	22.75	18.05
May-14	164	196	23.9	16.1	76	75	290	7	5.60	29	1.65	18.04	18.12	0.652	115.06	2.13	132.31	232.16	21.95	18.05
Jun-14	336	278	24.0	15.8	72	75	16	2	5.70	29	1.47	19.30	19.39	0.667	111.96	1.92	128.75	12.80	21.95	17.85
Jul-14	217	213	22.0	15.2	83	78	57	8	3.00	23	1.63	19.74	19.83	0.711	88.98	2.67	102.33	45.76	20.30	16.90
Aug-14	115	140	21.7	15.2	83	84	161	9	3.30	24	1.75	19.61	19.71	0.758	90.84	2.83	104.47	129.04	20.08	16.83
Sep-14	213	194	22.2	14.4	79	81	257	8	4.80	30	1.72	19.06	19.17	0.793	99.62	2.09	114.57	205.76	20.25	16.35
Oct-14	220	205	20.3	14.4	88	91	589	21	2.90	26	2.08	18.58	18.69	0.821	77.23	3.18	88.82	471.36	18.83	15.88
Nov-14	177	173	19.9	12.8	81	83	322	7	3.90	21	1.80	18.03	18.15	0.839	77.87	2.47	89.56	257.28	18.13	14.58
Dec-14	138	135	19.3	12.4	83	88	237	9	3.60	19	1.83	17.39	17.51	0.855	72.87	2.58	83.80	189.68	17.58	14.13
Jan-15	131	125	19.5	10.1	84	79	6	1	7.40	28	1.63	16.60	16.72	0.850	90.13	1.35	103.65	4.40	17.15	12.45
Feb-15	121	125	21.2	10.7	66	59	3	1	7.70	27	1.25	15.99	16.11	0.823	98.20	1.02	112.93	2.40	18.58	13.33
Mar-15	193	189	22.8	13.3	73	61	376	5	7.80	30	1.52	15.90	16.01	0.769	121.51	1.31	139.73	300.72	20.43	15.68
Apr-15	295	270	23.1	15.1	82	73	172	6	8.10	30	1.63	16.58	16.67	0.723	120.80	1.97	138.92	137.68	21.10	17.10
May-15	292	277	23.5	15.6	78	82	375	15	5.60	29	1.78	17.70	17.79	0.719	112.90	2.02	129.83	299.92	21.53	17.58
Jun-15	229	232	23.0	15.4	78	78	143	11	5.70	29	1.63	18.71	18.81	0.747	106.66	2.19	122.66	114.56	21.10	17.30
Jul-15	222	210	22.6	14.8	76	79	49	7	3.00	23	1.57	19.20	19.30	0.779	94.29	2.08	108.43	39.12	20.65	16.75
Aug-15	185	184	22.6	14.7	77	79	38	3	3.30	24	1.58	19.18	19.29	0.787	95.96	2.02	110.35	30.24	20.63	16.68
Sep-15	194	191	23.0	15.0	80	79	180	11	4.80	30	1.68	19.01	19.13	0.785	100.60	1.97	115.69	143.68	21.00	17.00
Oct-15	230	207	21.4	14.3	81	83	196	11	2.90	26	1.73	18.79	18.91	0.789	84.57	2.47	97.25	156.64	19.63	16.08
Nov-15	176	169	19.6	13.9	88	89	515	18	3.90	21	2.02	18.47	18.59	0.809	72.49	3.29	83.36	411.76	18.18	15.33
Dec-15	112	118	20.0	12.8	79	81	110	9	3.60	19	1.65	17.88	18.00	0.828	75.87	2.41	87.25	87.76	18.20	14.60
