Season	YPH	YPH	Tmax	Tmin	RH830	RH1430	RF	Rday	S	Sday	W	S830	S1430	Sm	ETo	clud	Kc	erf	Tphoto	Tnicto
DJF-1981	236	323	20.6	11.4	66	61	43	2	7.94	56	1.27	17.04	17.12	0.609	98.71	1.69	113.51	34.40	18.26	13.69
MAM-1981	630	511	24.6	15.4	65	59	276	19	6.19	82	1.28	17.71	17.79	0.612	120.27	1.64	138.31	220.80	22.27	17.67
JJA-1981	456	501	21.7	15.8	72	69	172	26	5.43	82	1.44	19.65	19.73	0.647	107.61	3.38	123.75	137.60	20.20	17.27
SON-1981	539	471	20.1	14.3	82	76	611	35	4.45	84	1.68	18.50	18.61	0.741	86.87	3.44	99.90	488.80	18.63	15.77
DJF-1982	364	445	19.7	10.0	70	59	182	12	6.96	82	1.32	16.14	16.23	0.759	90.85	1.57	104.48	145.60	17.30	12.43
MAM-1982	656	543	24.1	14.0	74	60	172	15	6.63	84	1.36	16.58	16.66	0.636	117.85	1.33	135.52	137.60	21.60	16.53
JJA-1982	435	497	22.1	14.7	77	74	210	22	5.86	84	1.54	18.94	19.03	0.700	108.31	2.43	124.56	168.00	20.28	16.56
SON-1982	548	461	21.3	13.4	85	80	793	39	4.01	82	1.78	18.18	18.28	0.781	85.14	2.16	97.91	634.40	19.32	15.35
DJF-1983	332	373	21.4	10.6	75	69	66	6	7.61	85	1.45	16.64	16.74	0.803	97.12	1.12	111.69	52.80	18.73	13.31
MAM-1983	313	333	26.3	14.8	80	78	140	13	6.85	85	1.60	17.90	18.00	0.747	124.44	0.97	143.11	112.00	23.43	17.70
JJA-1983	621	569	22.4	15.6	83	83	205	26	5.43	82	1.69	20.14	20.25	0.800	103.29	2.74	118.78	164.00	20.69	17.28
SON-1983	564	521	20.6	13.9	89	85	604	30	4.99	86	1.83	18.66	18.78	0.853	86.08	2.89	98.99	483.20	18.90	15.57
DJF-1984	448	542	18.2	12.5	95	91	1065	42	3.56	68	2.04	16.44	16.56	0.901	60.91	3.48	70.05	852.00	16.78	13.93
MAM-1984	805	650	23.7	14.7	83	85	492	18	7.47	87	1.76	16.57	16.69	0.906	118.47	1.75	136.24	393.60	21.42	16.92
JJA-1984	465	561	22.3	14.3	79	78	166	18	3.47	74	1.59	19.14	19.26	0.825	94.40	2.13	108.56	132.80	20.33	16.33
SON-1984	613	531	21.3	13.0	77	81	652	28	4.53	84	1.69	18.15	18.27	0.787	92.70	1.98	106.60	521.60	19.25	15.08
DJF-1985	480	568	21.3	10.3	68	65	261	9	7.10	83	1.37	16.60	16.71	0.756	97.63	1.06	112.28	208.64	18.58	13.08
MAM-1985	766	641	25.3	14.7	64	55	291	11	8.43	91	1.23	17.47	17.56	0.631	134.86	1.19	155.09	232.88	22.67	17.33
JJA-1985	549	618	22.0	14.3	66	64	258	20	3.70	75	1.34	19.36	19.44	0.624	100.32	2.45	115.37	206.40	20.08	16.25
SON-1985	645	559	21.3	13.0	71	71	538	28	4.50	84	1.51	18.07	18.17	0.674	95.00	2.11	109.25	430.32	19.25	15.08
DJF-1986	480	576	20.7	10.3	73	72	608	15	6.90	82	1.55	16.43	16.53	0.726	94.49	1.33	108.66	486.48	18.08	12.92
MAM-1986	795	650	24.3	14.7	67	55	206	16	8.00	89	1.24	16.91	17.00	0.678	129.03	1.54	148.38	164.72	21.92	17.08
JJA-1986	500	590	22.0	15.0	66	67	131	16	5.13	81	1.35	19.27	19.35	0.638	108.90	2.77	125.24	104.80	20.25	16.75
SON-1986	626	530	21.0	13.7	73	77	515	34	5.07	86	1.58	18.35	18.45	0.690	96.94	2.59	111.48	411.68	19.17	15.50
DJF-1987	440	517	20.0	10.3	71	76	408	15	6.67	81	1.54	16.50	16.62	0.744	92.95	1.58	106.89	326.72	17.58	12.75
MAM-1987	624	535	24.3	14.0	73	77	194	20	9.00	92	1.53	16.55	16.67	0.744	133.99	1.26	154.09	155.36	21.75	16.58
JJA-1987	557	598	23.7	15.3	75	75	111	18	6.57	84	1.51	19.54	19.65	0.746	117.01	2.01	134.56	88.72	21.58	17.42
SON-1987	631	542	22.0	14.3	82	79	804	39	4.60	84	1.74	19.17	19.28	0.781	91.96	2.40	105.75	642.96	20.08	16.25
DJF-1988	433	549	20.7	11.0	76	67	577	18	6.57	80	1.52	17.20	17.30	0.793	91.00	1.61	104.65	461.84	18.25	13.42
MAM-1988	828	693	25.3	15.7	72	61	295	17	7.93	89	1.38	17.61	17.69	0.690	130.80	1.52	150.42	235.84	22.92	18.08
JJA-1988	685	728	22.7	15.0	84	81	333	31	4.27	76	1.70	20.04	20.13	0.717	96.17	2.39	110.60	266.08	20.75	16.92
SON-1988	699	607	21.0	13.7	88	80	473	23	4.57	84	1.75	18.61	18.72	0.832	85.71	2.56	98.57	378.64	19.17	15.50
DJF-1989	412	520	21.7	10.7	84	74	210	9	7.33	84	1.61	16.59	16.70	0.828	93.82	1.12	107.89	167.60	18.92	13.42
MAM-1989	674	542	26.0	15.3	71	58	380	13	8.30	91	1.35	17.77	17.85	0.733	134.85	1.17	155.08	303.68	23.33	18.00
JJA-1989	450	520	22.0	16.3	79	78	218	21	3.83	75	1.60	20.34	20.43	0.711	95.56	3.43	109.90	174.64	20.58	17.75
SON-1989	625	507	21.7	14.3	82	80	603	40	4.27	83	1.72	19.18	19.29	0.793	89.27	2.57	102.67	482.72	19.83	16.17
DJF-1990	407	508	23.0	12.0	69	62	405	13	6.93	82	1.37	17.64	17.75	0.781	98.57	1.20	113.36	323.84	20.25	14.75
MAM-1990	761	589	25.0	15.3	77	59	198	21	6.97	85	1.39	18.59	18.66	0.635	121.82	1.55	140.09	158.64	22.58	17.75
JJA-1990	401	493	22.3	15.0	77	71	144	21	5.03	80	1.50	19.73	19.81	0.701	104.04	2.53	119.64	114.80	20.50	16.83
SON-1990	571	488	21.7	14.0	81	77	1230	36	4.63	85	1.78	18.67	18.78	0.758	91.74	2.42	105.50	983.84	19.75	15.92
DJF-1991	545	579	21.5	11.2	72	62	255	13	6.95	82	1.39	17.04	17.14	0.784	94.58	1.42	108.76	204.32	18.92	13.75
MAM-1991	686	604	25.8	15.8	84	78	139	16	8.04	89	1.64	17.98	18.06	0.702	127.51	1.43	146.64	111.04	23.29	18.27
JJA-1991	627	659	22.5	15.5	91	91	372	35	2.84	71	1.88	20.33	20.45	0.850	82.86	2.82	95.29	297.20	20.71	17.21
SON-1991	712	589	21.9	13.7	86	91	976	42	4.36	83	1.92	18.83	18.97	0.901	88.39	2.22	101.65	780.40	19.86	15.77
DJF-1992	382	450	21.3	10.5	84	75	68	4	7.36	84	1.59	16.95	17.08	0.871	92.32	1.24	106.17	54.72	18.61	13.21
MAM-1992	442	413	26.5	14.5	65	46	199	13	7.94	88	1.13	17.66	17.74	0.667	130.20	0.98	149.73	159.44	23.47	17.48
JJA-1992	624	587	22.7	15.5	87	86	226	25	3.10	72	1.76	20.08	20.16	0.700	87.60	2.64	100.74	181.12	20.88	17.28
SON-1992	588	501	22.1	13.9	86	81	1218	41	3.21	79	1.88	19.01	19.13	0.843	81.63	2.12	93.88	974.08	20.02	15.94
DJF-1993	344	418	21.1	10.5	66	64	65	7	7.16	83	1.31	16.93	17.04	0.795	96.08	1.19	110.49	52.08	18.46	13.14
MAM-1993	521	450	24.8	15.5	76	57	165	10	7.75	88	1.35	17.45	17.52	0.647	125.92	1.56	144.81	132.24	22.45	17.81
JJA-1993	576	574	21.9	16.0	83	78	287	25	3.49	74	1.66	19.97	20.05	0.712	90.76	3.21	104.38	229.76	20.44	17.50
SON-1993	612	538	20.5	14.7	88	88	1403	43	3.65	81	1.99	18.67	18.79	0.834	78.89	3.20	90.72	1122.56	19.05	16.12
DJF-1994	513	590	20.3	12.2	80	76	404	19	5.63	77	1.63	16.96	17.07	0.867	85.02	1.98	97.77	323.04	18.31	14.24
MAM-1994	852	685	24.1	15.5	74	60	279	18	6.88	85	1.38	17.61	17.70	0.720	118.04	1.70	135.74	222.80	21.94	17.62
JJA-1994	506	584	23.3	16.2	83	77	155	21	2.16	69	1.62	20.20	20.29	0.741	86.33	2.69	99.28	123.68	21.49	17.95
SON-1994	604	518	20.5	14.5	87	81	1219	47	4.37	84	1.88	19.03	19.14	0.801	84.56	3.04	97.24	975.28	19.01	16.00
DJF-1995	492	583	20.5	11.3	74	74	259	13	6.05	78	1.53	16.59	16.70	0.822	89.10	1.49	102.47	206.80	18.22	13.59
MAM-1995	900	743	24.3	15.3	83	61	441	20	6.80	84	1.51	17.48	17.56	0.735	116.26	1.67	133.70	353.04	22.03	17.57
JJA-1995	687	742	22.0	16.0	83	80	310	31	2.70	71	1.67	19.76	19.84	0.755	86.37	3.09	99.33	247.84	20.52	17.48
SON-1995	766	647	21.3	14.6	87	85	451	34	4.73	85	1.80	18.78	18.90	0.839	87.79	2.77	100.96	360.72	19.66	16.31
DJF-1996	449	574	21.0	10.7	75	67	116	6	7.67	85	1.44	17.07	17.19	0.808	96.77	1.19	111.29	92.40	18.46	13.30
MAM-1996	839	673	25.5	15.1	74	60	291	19	6.19	82	1.38	17.49	17.57	0.686	117.62	1.26	135.26	232.64	22.94	17.71
JJA-1996	566	642	22.1	15.5	84	77	242	29	5.10	80	1.65	19.95	20.04	0.736	100.71	2.91	115.81	193.76	20.46	17.17
SON-1996	723	591	20.9	14.1	89	83	861	42	3.68	81	1.86	18.63	18.74	0.825	79.52	2.87	91.44	688.56	19.18	15.81
DJF-1997	431	531	21.5	10.1	81	68	673	15	6.26	79	1.59	16.81	16.91	0.823	90.40	1.00	103.96	538.24	18.66	12.92
MAM-1997	703	607	22.8	13.4	74	73	278	14	7.23	86	1.51	16.75	16.83	0.721	117.73	1.61	135.39	222.72	20.48	15.76
JJA-1997	733	745	21.9	15.1	89	83	270	26	2.45	70	1.76	18.29	18.41	0.815	79.66	2.76	91.60	215.68	20.20	16.80
SON-1997	781	684	22.9	13.6	91	79	1341	48	3.97	82	1.93	18.54	18.64	0.829	83.98	1.51	96.58	1073.04	20.54	15.89
DJF-1998	571	632	21.2	12.2	88	88	343	22	5.39	76	1.81	17.76	17.88	0.892	81.90	1.73	94.18	274.00	18.94	14.47
MAM-1998	662	588	24.4	15.7	81	75	95	13	7.99	89	1.56	17.93	18.05	0.843	125.27	1.78	144.06	75.76	22.20	17.85
JJA-1998	640	669	22.4	15.8	83	79	367	34	3.51	74	1.68	19.98	20.08	0.780	92.20	2.81	106.03	293.68	20.78	17.47
SON-1998	734	623	21.3	14.4	87	83	472	32	4.02	82	1.77	18.76	18.87	0.830	83.67	2.67	96.22	377.20	19.54	16.11
DJF-1999	483	570	20.2	11.4	74	76	934	16	7.33	84	1.66	16.96	17.08	0.843	94.16	1.73	108.28	746.80	17.97	13.58
MAM-1999	682	561	24.1	14.9	69	65	172	20	8.10	89	1.37	17.26	17.36	0.697	128.72	1.50	148.03	137.84	21.81	17.23
JJA-1999	497	564	22.2	14.9	82	82	157	15	4.53	78	1.66	19.22	19.33	0.734	97.63	2.34	112.28	125.28	20.38	16.73
SON-1999	666	562	21.0	13.8	85	81	1141	41	4.77	84	1.85	18.44	18.55	0.826	88.01	2.47	101.21	912.88	19.18	15.62
DJF-2000	556	623	19.7	11.7	87	82	442	21	6.50	80	1.77	16.54	16.65	0.858	82.94	2.09	95.38	353.20	17.68	13.69
MAM-2000	820	650	24.0	15.0	73	65	188	13	8.40	91	1.41	17.17	17.27	0.784	129.67	1.58	149.12	150.00	21.72	17.22
JJA-2000	387	531	22.0	14.9	81	76	225	16	4.40	78	1.59	19.27	19.37	0.733	97.51	2.51	112.13	180.32	20.23	16.70
SON-2000	753	598	20.8	13.9	87	87	802	32	4.57	84	1.87	18.33	18.44	0.813	85.19	2.58	97.97	641.92	19.10	15.63
DJF-2001	502	588	20.8	11.5	77	76	216	13	8.00	87	1.57	16.74	16.86	0.845	97.19	1.47	111.77	172.64	18.50	13.83
MAM-2001	728	597	24.4	15.1	75	66	394	13	8.13	91	1.47	17.56	17.66	0.743	128.16	1.47	147.39	315.52	22.07	17.40
JJA-2001	474	549	21.9	15.1	81	78	225	15	4.53	81	1.63	19.47	19.57	0.744	98.23	2.68	112.96	180.32	20.19	16.78
SON-2001	626	524	21.1	14.2	88	85	819	32	4.37	82	1.87	18.45	18.56	0.817	84.23	2.70	96.86	654.96	19.35	15.92
DJF-2002	474	530	19.8	11.3	81	82	434	13	6.70	77	1.70	16.71	16.83	0.865	87.95	1.91	101.14	347.20	17.64	13.39
MAM-2002	630	530	24.3	14.8	75	63	207	13	8.60	91	1.41	17.04	17.15	0.759	130.15	1.48	149.68	165.20	21.93	17.20
JJA-2002	506	534	22.6	15.0	80	76	154	20	5.00	81	1.59	19.47	19.56	0.733	102.73	2.27	118.13	122.88	20.73	16.91
SON-2002	541	470	21.7	14.1	85	81	1129	33	5.23	80	1.84	18.72	18.83	0.791	92.44	2.36	106.30	903.52	19.81	16.03
DJF-2003	444	514	21.5	11.4	73	71	101	9	8.37	88	1.45	17.20	17.31	0.800	102.17	1.31	117.49	80.88	18.96	13.94
MAM-2003	759	621	24.3	15.2	69	67	509	19	8.40	90	1.44	17.62	17.72	0.711	132.26	1.66	152.09	407.36	22.02	17.45
JJA-2003	558	590	22.9	15.4	79	82	285	31	3.93	77	1.66	19.80	19.91	0.733	98.11	2.43	112.82	228.08	21.01	17.29
SON-2003	561	494	21.3	13.7	82	86	803	40	5.20	78	1.81	18.81	18.93	0.810	94.11	2.39	108.22	642.40	19.40	15.60
DJF-2004	461	505	20.7	10.6	71	72	205	8	8.33	89	1.46	16.71	16.83	0.814	100.73	1.32	115.83	164.24	18.18	13.15
MAM-2004	622	553	23.9	14.8	70	67	729	21	6.77	83	1.49	17.19	17.29	0.676	119.31	1.77	137.21	583.04	21.65	17.08
JJA-2004	658	632	22.4	14.7	77	78	180	17	5.30	80	1.58	19.06	19.16	0.746	105.72	2.32	121.58	144.08	20.46	16.64
SON-2004	546	495	20.4	13.8	88	89	1551	50	3.23	66	2.02	18.27	18.39	0.824	77.22	2.94	88.81	1240.96	18.76	15.48
DJF-2005	420	491	21.6	10.8	66	67	61	7	8.57	88	1.33	16.64	16.75	0.815	104.43	1.10	120.09	48.64	18.88	13.49
MAM-2005	723	600	23.9	14.8	74	74	386	21	7.23	89	1.54	17.36	17.46	0.689	122.45	1.72	140.81	308.64	21.60	17.07
JJA-2005	574	595	22.6	15.0	79	80	286	30	4.33	79	1.63	19.33	19.45	0.760	100.12	2.34	115.14	229.12	20.70	16.90
SON-2005	568	488	21.0	13.8	82	87	905	40	3.77	62	1.84	18.54	18.66	0.813	85.49	2.62	98.32	723.76	19.21	15.63
DJF-2006	373	446	20.7	10.6	67	71	184	11	7.63	81	1.40	16.73	16.86	0.817	98.42	1.44	113.18	147.04	18.21	13.16
MAM-2006	637	522	24.0	14.6	72	69	364	14	7.37	86	1.47	16.96	17.06	0.683	123.77	1.61	142.33	290.88	21.63	16.97
JJA-2006	507	533	22.9	14.8	79	80	140	15	4.50	84	1.61	19.26	19.37	0.740	101.02	2.12	116.18	112.08	20.84	16.79
SON-2006	553	465	20.8	14.0	88	89	1494	54	2.67	59	2.01	18.57	18.69	0.821	74.96	2.84	86.20	1195.12	19.13	15.71
DJF-2007	351	412	20.7	9.8	68	73	258	7	8.23	87	1.45	16.55	16.67	0.835	101.53	1.11	116.77	206.72	17.98	12.55
MAM-2007	551	472	24.3	14.3	67	64	200	11	7.93	91	1.35	16.71	16.82	0.684	128.66	1.38	147.96	160.00	21.77	16.77
JJA-2007	557	563	22.1	14.9	82	81	345	30	2.77	58	1.68	19.20	19.31	0.727	87.98	2.61	101.18	276.16	20.33	16.71
SON-2007	613	542	21.1	13.1	82	83	621	29	3.77	67	1.75	18.32	18.44	0.822	84.73	2.27	97.44	496.96	19.08	15.12
DJF-2008	453	539	20.4	10.6	68	75	694	15	7.20	80	1.55	16.31	16.43	0.794	95.25	1.60	109.54	555.52	17.96	13.08
MAM-2008	755	634	23.1	13.7	80	72	581	21	6.73	87	1.62	16.44	16.55	0.729	113.26	1.65	130.25	465.12	20.78	16.08
JJA-2008	542	595	22.2	14.5	79	81	424	26	3.77	74	1.66	18.74	18.84	0.775	95.48	2.40	109.80	338.80	20.25	16.42
SON-2008	612	526	21.3	13.4	82	80	678	30	4.67	73	1.74	18.23	18.34	0.809	89.86	2.31	103.34	542.08	19.33	15.40
DJF-2009	357	447	20.8	10.1	66	64	81	6	8.53	85	1.31	16.51	16.62	0.791	101.38	1.26	116.58	64.72	18.13	12.80
MAM-2009	590	510	24.7	14.6	64	60	301	13	6.97	90	1.29	17.01	17.09	0.620	125.31	1.33	144.11	240.56	22.14	17.09
JJA-2009	547	572	22.6	14.5	78	81	306	26	4.30	73	1.63	19.42	19.52	0.682	99.99	2.16	114.99	245.04	20.56	16.54
SON-2009	607	540	21.5	13.7	83	84	1329	31	4.10	72	1.88	18.48	18.60	0.804	87.29	2.28	100.39	1063.36	19.55	15.65
DJF-2010	462	511	20.6	11.4	76	76	259	14	6.33	79	1.56	16.84	16.96	0.846	88.95	1.71	102.29	206.96	18.32	13.68
MAM-2010	547	514	25.3	15.7	65	61	207	13	7.63	88	1.28	17.67	17.76	0.679	129.95	1.52	149.44	165.36	22.88	18.09
JJA-2010	628	613	22.4	15.8	80	81	308	28	2.87	59	1.66	20.14	20.24	0.708	90.28	2.83	103.82	246.40	20.72	17.42
SON-2010	570	517	20.9	14.5	85	87	883	40	2.83	61	1.86	18.79	18.91	0.823	78.61	2.94	90.41	706.64	19.30	16.10
DJF-2011	389	488	20.5	11.2	67	72	414	15	7.10	81	1.45	17.02	17.14	0.824	96.95	1.54	111.49	331.52	18.21	13.56
MAM-2011	738	624	23.4	14.5	68	67	299	17	7.80	92	1.40	16.92	17.01	0.667	125.13	1.71	143.90	239.28	21.18	16.73
JJA-2011	593	618	22.3	15.3	80	78	287	22	2.93	65	1.62	19.09	19.19	0.728	90.19	2.60	103.72	229.92	20.56	17.08
SON-2011	564	504	20.8	14.0	83	85	1177	43	3.93	68	1.87	18.59	18.71	0.811	85.31	2.72	98.10	941.92	19.09	15.68
DJF-2012	369	441	20.5	10.7	69	69	160	7	7.70	88	1.41	16.63	16.75	0.817	97.09	1.38	111.65	128.08	18.03	13.14
MAM-2012	549	481	24.5	15.1	70	66	210	14	7.60	85	1.39	17.09	17.18	0.670	127.18	1.46	146.25	168.00	22.17	17.43
JJA-2012	506	523	22.7	14.9	74	75	193	23	3.00	74	1.52	19.60	19.70	0.704	94.84	2.16	109.07	154.00	20.78	16.88
SON-2012	525	481	21.4	13.7	76	78	924	26	5.27	78	1.70	18.61	18.72	0.761	96.36	2.25	110.81	738.96	19.44	15.59
DJF-2013	477	516	20.9	11.4	68	67	110	10	7.90	85	1.37	16.91	17.02	0.750	100.50	1.46	115.58	87.84	18.54	13.76
MAM-2013	618	552	24.2	15.4	71	66	367	16	7.17	90	1.42	17.39	17.49	0.672	124.14	1.72	142.76	293.92	21.99	17.58
JJA-2013	536	574	21.6	15.2	81	80	171	20	2.47	60	1.63	19.48	19.58	0.732	85.76	2.97	98.62	137.04	20.01	16.83
SON-2013	653	565	21.0	13.7	81	83	658	31	3.73	71	1.75	18.32	18.44	0.803	85.78	2.44	98.65	526.24	19.15	15.52
DJF-2014	426	497	20.1	10.8	75	74	238	12	7.27	83	1.52	16.51	16.63	0.807	93.77	1.48	107.84	190.00	17.78	13.13
MAM-2014	581	543	23.9	14.9	68	62	398	14	7.17	89	1.36	16.85	16.94	0.691	122.48	1.62	140.85	318.72	21.63	17.14
JJA-2014	668	648	22.6	15.4	79	79	235	19	4.00	76	1.62	19.55	19.64	0.712	97.26	2.47	111.85	187.60	20.78	17.19
SON-2014	610	556	20.8	13.9	83	85	1168	36	3.87	77	1.87	18.55	18.67	0.818	84.91	2.58	97.65	934.40	19.07	15.60
DJF-2015	390	497	20.0	11.1	78	75	246	11	6.23	74	1.57	16.66	16.78	0.843	87.07	1.65	100.13	196.48	17.77	13.30
MAM-2015	780	667	23.1	14.7	78	72	923	26	7.17	89	1.65	16.73	16.82	0.737	118.40	1.77	136.16	738.32	21.02	16.78
JJA-2015	636	657	22.7	15.0	77	79	230	21	4.00	76	1.59	19.03	19.13	0.771	98.97	2.10	113.81	183.92	20.79	16.91
SON-2015	600	572	21.3	14.4	83	84	890	40	3.87	77	1.81	18.76	18.87	0.795	85.88	2.58	98.77	712.08	19.60	16.13
